[[0.2        0.3       ]
 [0.2        0.32368421]
 [0.2        0.34736842]
 [0.2        0.37105263]
 [0.2        0.39473684]
 [0.2        0.41842105]
 [0.2        0.44210526]
 [0.2        0.46578947]
 [0.2        0.48947368]
 [0.2        0.51315789]
 [0.2        0.53684211]
 [0.2        0.56052632]
 [0.2        0.58421053]
 [0.2        0.60789474]
 [0.2        0.63157895]
 [0.2        0.65526316]
 [0.2        0.67894737]
 [0.2        0.70263158]
 [0.2        0.72631579]
 [0.2        0.75      ]
 [0.21052632 0.3       ]
 [0.21052632 0.32368421]
 [0.21052632 0.34736842]
 [0.21052632 0.37105263]
 [0.21052632 0.39473684]
 [0.21052632 0.41842105]
 [0.21052632 0.44210526]
 [0.21052632 0.46578947]
 [0.21052632 0.48947368]
 [0.21052632 0.51315789]
 [0.21052632 0.53684211]
 [0.21052632 0.56052632]
 [0.21052632 0.58421053]
 [0.21052632 0.60789474]
 [0.21052632 0.63157895]
 [0.21052632 0.65526316]
 [0.21052632 0.67894737]
 [0.21052632 0.70263158]
 [0.21052632 0.72631579]
 [0.21052632 0.75      ]
 [0.22105263 0.3       ]
 [0.22105263 0.32368421]
 [0.22105263 0.34736842]
 [0.22105263 0.37105263]
 [0.22105263 0.39473684]
 [0.22105263 0.41842105]
 [0.22105263 0.44210526]
 [0.22105263 0.46578947]
 [0.22105263 0.48947368]
 [0.22105263 0.51315789]
 [0.22105263 0.53684211]
 [0.22105263 0.56052632]
 [0.22105263 0.58421053]
 [0.22105263 0.60789474]
 [0.22105263 0.63157895]
 [0.22105263 0.65526316]
 [0.22105263 0.67894737]
 [0.22105263 0.70263158]
 [0.22105263 0.72631579]
 [0.22105263 0.75      ]
 [0.23157895 0.3       ]
 [0.23157895 0.32368421]
 [0.23157895 0.34736842]
 [0.23157895 0.37105263]
 [0.23157895 0.39473684]
 [0.23157895 0.41842105]
 [0.23157895 0.44210526]
 [0.23157895 0.46578947]
 [0.23157895 0.48947368]
 [0.23157895 0.51315789]
 [0.23157895 0.53684211]
 [0.23157895 0.56052632]
 [0.23157895 0.58421053]
 [0.23157895 0.60789474]
 [0.23157895 0.63157895]
 [0.23157895 0.65526316]
 [0.23157895 0.67894737]
 [0.23157895 0.70263158]
 [0.23157895 0.72631579]
 [0.23157895 0.75      ]
 [0.24210526 0.3       ]
 [0.24210526 0.32368421]
 [0.24210526 0.34736842]
 [0.24210526 0.37105263]
 [0.24210526 0.39473684]
 [0.24210526 0.41842105]
 [0.24210526 0.44210526]
 [0.24210526 0.46578947]
 [0.24210526 0.48947368]
 [0.24210526 0.51315789]
 [0.24210526 0.53684211]
 [0.24210526 0.56052632]
 [0.24210526 0.58421053]
 [0.24210526 0.60789474]
 [0.24210526 0.63157895]
 [0.24210526 0.65526316]
 [0.24210526 0.67894737]
 [0.24210526 0.70263158]
 [0.24210526 0.72631579]
 [0.24210526 0.75      ]
 [0.25263158 0.3       ]
 [0.25263158 0.32368421]
 [0.25263158 0.34736842]
 [0.25263158 0.37105263]
 [0.25263158 0.39473684]
 [0.25263158 0.41842105]
 [0.25263158 0.44210526]
 [0.25263158 0.46578947]
 [0.25263158 0.48947368]
 [0.25263158 0.51315789]
 [0.25263158 0.53684211]
 [0.25263158 0.56052632]
 [0.25263158 0.58421053]
 [0.25263158 0.60789474]
 [0.25263158 0.63157895]
 [0.25263158 0.65526316]
 [0.25263158 0.67894737]
 [0.25263158 0.70263158]
 [0.25263158 0.72631579]
 [0.25263158 0.75      ]
 [0.26315789 0.3       ]
 [0.26315789 0.32368421]
 [0.26315789 0.34736842]
 [0.26315789 0.37105263]
 [0.26315789 0.39473684]
 [0.26315789 0.41842105]
 [0.26315789 0.44210526]
 [0.26315789 0.46578947]
 [0.26315789 0.48947368]
 [0.26315789 0.51315789]
 [0.26315789 0.53684211]
 [0.26315789 0.56052632]
 [0.26315789 0.58421053]
 [0.26315789 0.60789474]
 [0.26315789 0.63157895]
 [0.26315789 0.65526316]
 [0.26315789 0.67894737]
 [0.26315789 0.70263158]
 [0.26315789 0.72631579]
 [0.26315789 0.75      ]
 [0.27368421 0.3       ]
 [0.27368421 0.32368421]
 [0.27368421 0.34736842]
 [0.27368421 0.37105263]
 [0.27368421 0.39473684]
 [0.27368421 0.41842105]
 [0.27368421 0.44210526]
 [0.27368421 0.46578947]
 [0.27368421 0.48947368]
 [0.27368421 0.51315789]
 [0.27368421 0.53684211]
 [0.27368421 0.56052632]
 [0.27368421 0.58421053]
 [0.27368421 0.60789474]
 [0.27368421 0.63157895]
 [0.27368421 0.65526316]
 [0.27368421 0.67894737]
 [0.27368421 0.70263158]
 [0.27368421 0.72631579]
 [0.27368421 0.75      ]
 [0.28421053 0.3       ]
 [0.28421053 0.32368421]
 [0.28421053 0.34736842]
 [0.28421053 0.37105263]
 [0.28421053 0.39473684]
 [0.28421053 0.41842105]
 [0.28421053 0.44210526]
 [0.28421053 0.46578947]
 [0.28421053 0.48947368]
 [0.28421053 0.51315789]
 [0.28421053 0.53684211]
 [0.28421053 0.56052632]
 [0.28421053 0.58421053]
 [0.28421053 0.60789474]
 [0.28421053 0.63157895]
 [0.28421053 0.65526316]
 [0.28421053 0.67894737]
 [0.28421053 0.70263158]
 [0.28421053 0.72631579]
 [0.28421053 0.75      ]
 [0.29473684 0.3       ]
 [0.29473684 0.32368421]
 [0.29473684 0.34736842]
 [0.29473684 0.37105263]
 [0.29473684 0.39473684]
 [0.29473684 0.41842105]
 [0.29473684 0.44210526]
 [0.29473684 0.46578947]
 [0.29473684 0.48947368]
 [0.29473684 0.51315789]
 [0.29473684 0.53684211]
 [0.29473684 0.56052632]
 [0.29473684 0.58421053]
 [0.29473684 0.60789474]
 [0.29473684 0.63157895]
 [0.29473684 0.65526316]
 [0.29473684 0.67894737]
 [0.29473684 0.70263158]
 [0.29473684 0.72631579]
 [0.29473684 0.75      ]
 [0.30526316 0.3       ]
 [0.30526316 0.32368421]
 [0.30526316 0.34736842]
 [0.30526316 0.37105263]
 [0.30526316 0.39473684]
 [0.30526316 0.41842105]
 [0.30526316 0.44210526]
 [0.30526316 0.46578947]
 [0.30526316 0.48947368]
 [0.30526316 0.51315789]
 [0.30526316 0.53684211]
 [0.30526316 0.56052632]
 [0.30526316 0.58421053]
 [0.30526316 0.60789474]
 [0.30526316 0.63157895]
 [0.30526316 0.65526316]
 [0.30526316 0.67894737]
 [0.30526316 0.70263158]
 [0.30526316 0.72631579]
 [0.30526316 0.75      ]
 [0.31578947 0.3       ]
 [0.31578947 0.32368421]
 [0.31578947 0.34736842]
 [0.31578947 0.37105263]
 [0.31578947 0.39473684]
 [0.31578947 0.41842105]
 [0.31578947 0.44210526]
 [0.31578947 0.46578947]
 [0.31578947 0.48947368]
 [0.31578947 0.51315789]
 [0.31578947 0.53684211]
 [0.31578947 0.56052632]
 [0.31578947 0.58421053]
 [0.31578947 0.60789474]
 [0.31578947 0.63157895]
 [0.31578947 0.65526316]
 [0.31578947 0.67894737]
 [0.31578947 0.70263158]
 [0.31578947 0.72631579]
 [0.31578947 0.75      ]
 [0.32631579 0.3       ]
 [0.32631579 0.32368421]
 [0.32631579 0.34736842]
 [0.32631579 0.37105263]
 [0.32631579 0.39473684]
 [0.32631579 0.41842105]
 [0.32631579 0.44210526]
 [0.32631579 0.46578947]
 [0.32631579 0.48947368]
 [0.32631579 0.51315789]
 [0.32631579 0.53684211]
 [0.32631579 0.56052632]
 [0.32631579 0.58421053]
 [0.32631579 0.60789474]
 [0.32631579 0.63157895]
 [0.32631579 0.65526316]
 [0.32631579 0.67894737]
 [0.32631579 0.70263158]
 [0.32631579 0.72631579]
 [0.32631579 0.75      ]
 [0.33684211 0.3       ]
 [0.33684211 0.32368421]
 [0.33684211 0.34736842]
 [0.33684211 0.37105263]
 [0.33684211 0.39473684]
 [0.33684211 0.41842105]
 [0.33684211 0.44210526]
 [0.33684211 0.46578947]
 [0.33684211 0.48947368]
 [0.33684211 0.51315789]
 [0.33684211 0.53684211]
 [0.33684211 0.56052632]
 [0.33684211 0.58421053]
 [0.33684211 0.60789474]
 [0.33684211 0.63157895]
 [0.33684211 0.65526316]
 [0.33684211 0.67894737]
 [0.33684211 0.70263158]
 [0.33684211 0.72631579]
 [0.33684211 0.75      ]
 [0.34736842 0.3       ]
 [0.34736842 0.32368421]
 [0.34736842 0.34736842]
 [0.34736842 0.37105263]
 [0.34736842 0.39473684]
 [0.34736842 0.41842105]
 [0.34736842 0.44210526]
 [0.34736842 0.46578947]
 [0.34736842 0.48947368]
 [0.34736842 0.51315789]
 [0.34736842 0.53684211]
 [0.34736842 0.56052632]
 [0.34736842 0.58421053]
 [0.34736842 0.60789474]
 [0.34736842 0.63157895]
 [0.34736842 0.65526316]
 [0.34736842 0.67894737]
 [0.34736842 0.70263158]
 [0.34736842 0.72631579]
 [0.34736842 0.75      ]
 [0.35789474 0.3       ]
 [0.35789474 0.32368421]
 [0.35789474 0.34736842]
 [0.35789474 0.37105263]
 [0.35789474 0.39473684]
 [0.35789474 0.41842105]
 [0.35789474 0.44210526]
 [0.35789474 0.46578947]
 [0.35789474 0.48947368]
 [0.35789474 0.51315789]
 [0.35789474 0.53684211]
 [0.35789474 0.56052632]
 [0.35789474 0.58421053]
 [0.35789474 0.60789474]
 [0.35789474 0.63157895]
 [0.35789474 0.65526316]
 [0.35789474 0.67894737]
 [0.35789474 0.70263158]
 [0.35789474 0.72631579]
 [0.35789474 0.75      ]
 [0.36842105 0.3       ]
 [0.36842105 0.32368421]
 [0.36842105 0.34736842]
 [0.36842105 0.37105263]
 [0.36842105 0.39473684]
 [0.36842105 0.41842105]
 [0.36842105 0.44210526]
 [0.36842105 0.46578947]
 [0.36842105 0.48947368]
 [0.36842105 0.51315789]
 [0.36842105 0.53684211]
 [0.36842105 0.56052632]
 [0.36842105 0.58421053]
 [0.36842105 0.60789474]
 [0.36842105 0.63157895]
 [0.36842105 0.65526316]
 [0.36842105 0.67894737]
 [0.36842105 0.70263158]
 [0.36842105 0.72631579]
 [0.36842105 0.75      ]
 [0.37894737 0.3       ]
 [0.37894737 0.32368421]
 [0.37894737 0.34736842]
 [0.37894737 0.37105263]
 [0.37894737 0.39473684]
 [0.37894737 0.41842105]
 [0.37894737 0.44210526]
 [0.37894737 0.46578947]
 [0.37894737 0.48947368]
 [0.37894737 0.51315789]
 [0.37894737 0.53684211]
 [0.37894737 0.56052632]
 [0.37894737 0.58421053]
 [0.37894737 0.60789474]
 [0.37894737 0.63157895]
 [0.37894737 0.65526316]
 [0.37894737 0.67894737]
 [0.37894737 0.70263158]
 [0.37894737 0.72631579]
 [0.37894737 0.75      ]
 [0.38947368 0.3       ]
 [0.38947368 0.32368421]
 [0.38947368 0.34736842]
 [0.38947368 0.37105263]
 [0.38947368 0.39473684]
 [0.38947368 0.41842105]
 [0.38947368 0.44210526]
 [0.38947368 0.46578947]
 [0.38947368 0.48947368]
 [0.38947368 0.51315789]
 [0.38947368 0.53684211]
 [0.38947368 0.56052632]
 [0.38947368 0.58421053]
 [0.38947368 0.60789474]
 [0.38947368 0.63157895]
 [0.38947368 0.65526316]
 [0.38947368 0.67894737]
 [0.38947368 0.70263158]
 [0.38947368 0.72631579]
 [0.38947368 0.75      ]
 [0.4        0.3       ]
 [0.4        0.32368421]
 [0.4        0.34736842]
 [0.4        0.37105263]
 [0.4        0.39473684]
 [0.4        0.41842105]
 [0.4        0.44210526]
 [0.4        0.46578947]
 [0.4        0.48947368]
 [0.4        0.51315789]
 [0.4        0.53684211]
 [0.4        0.56052632]
 [0.4        0.58421053]
 [0.4        0.60789474]
 [0.4        0.63157895]
 [0.4        0.65526316]
 [0.4        0.67894737]
 [0.4        0.70263158]
 [0.4        0.72631579]
 [0.4        0.75      ]]