Combination [0.2 0.4 2. ]: 0.945 0.908 0.985 0.982
New best value: 0.9556846951814384!

Combination [0.2        0.42222222 2.        ]: 0.945 0.908 0.985 0.982
Combination [0.2        0.44444444 2.        ]: 0.945 0.908 0.985 0.982
Combination [0.2        0.46666667 2.        ]: 0.945 0.908 0.985 0.982
Combination [0.2        0.48888889 2.        ]: 0.945 0.908 0.985 0.982
Combination [0.2        0.51111111 2.        ]: 0.945 0.908 0.985 0.982
Combination [0.2        0.53333333 2.        ]: 0.945 0.908 0.985 0.982
Combination [0.2        0.55555556 2.        ]: 0.945 0.908 0.985 0.982
Combination [0.2        0.57777778 2.        ]: 0.945 0.908 0.985 0.982
Combination [0.2 0.6 2. ]: 0.945 0.908 0.985 0.982
Combination [0.22222222 0.4        2.        ]: 0.945 0.908 0.985 0.982
Combination [0.22222222 0.42222222 2.        ]: 0.945 0.908 0.985 0.982
Combination [0.22222222 0.44444444 2.        ]: 0.945 0.908 0.985 0.982
Combination [0.22222222 0.46666667 2.        ]: 0.945 0.908 0.985 0.982
